AUC: 0.9492
AUPR: 0.9472
ACC: 0.8599
Precision: 0.9059
Recall: 0.8033
F1 Score: 0.8515
0.9492153751363929 0.9471543332406401 0.859925788497217 0.9058577405857741 0.8033395176252319 0.8515240904621436
